0.0312 0.0312 1.0000 1.0000
0.0312 0.0312 1.0000 1.0000
0.0938 0.0312 1.0000 1.0000
0.0938 0.0312 1.0000 1.0000
0.1562 0.0312 1.0000 1.0000
0.1562 0.0312 1.0000 1.0000
0.2188 0.0312 1.0000 1.0000
0.2188 0.0312 1.0000 1.0000
0.2812 0.0312 1.0000 1.0000
0.2812 0.0312 1.0000 1.0000
0.3438 0.0312 1.0000 1.0000
0.3438 0.0312 1.0000 1.0000
0.4062 0.0312 1.0000 1.0000
0.4062 0.0312 1.0000 1.0000
0.4688 0.0312 1.0000 1.0000
0.4688 0.0312 1.0000 1.0000
0.5312 0.0312 1.0000 1.0000
0.5312 0.0312 1.0000 1.0000
0.5938 0.0312 1.0000 1.0000
0.5938 0.0312 1.0000 1.0000
0.6562 0.0312 1.0000 1.0000
0.6562 0.0312 1.0000 1.0000
0.7188 0.0312 1.0000 1.0000
0.7188 0.0312 1.0000 1.0000
0.7812 0.0312 1.0000 1.0000
0.7812 0.0312 1.0000 1.0000
0.8438 0.0312 1.0000 1.0000
0.8438 0.0312 1.0000 1.0000
0.9062 0.0312 1.0000 1.0000
0.9062 0.0312 1.0000 1.0000
0.9688 0.0312 1.0000 1.0000
0.9688 0.0312 1.0000 1.0000
0.0312 0.0938 1.0000 1.0000
0.0312 0.0938 1.0000 1.0000
0.0938 0.0938 1.0000 1.0000
0.0938 0.0938 1.0000 1.0000
0.1562 0.0938 1.0000 1.0000
0.1562 0.0938 1.0000 1.0000
0.2188 0.0938 1.0000 1.0000
0.2188 0.0938 1.0000 1.0000
0.2812 0.0938 1.0000 1.0000
0.2812 0.0938 1.0000 1.0000
0.3438 0.0938 1.0000 1.0000
0.3438 0.0938 1.0000 1.0000
0.4062 0.0938 1.0000 1.0000
0.4062 0.0938 1.0000 1.0000
0.4688 0.0938 1.0000 1.0000
0.4688 0.0938 1.0000 1.0000
0.5312 0.0938 1.0000 1.0000
0.5312 0.0938 1.0000 1.0000
0.5938 0.0938 1.0000 1.0000
0.5938 0.0938 1.0000 1.0000
0.6562 0.0938 1.0000 1.0000
0.6562 0.0938 1.0000 1.0000
0.7188 0.0938 1.0000 1.0000
0.7188 0.0938 1.0000 1.0000
0.7812 0.0938 1.0000 1.0000
0.7812 0.0938 1.0000 1.0000
0.8438 0.0938 1.0000 1.0000
0.8438 0.0938 1.0000 1.0000
0.9062 0.0938 1.0000 1.0000
0.9062 0.0938 1.0000 1.0000
0.9688 0.0938 1.0000 1.0000
0.9688 0.0938 1.0000 1.0000
0.0312 0.1562 1.0000 1.0000
0.0312 0.1562 1.0000 1.0000
0.0938 0.1562 1.0000 1.0000
0.0938 0.1562 1.0000 1.0000
0.1562 0.1562 1.0000 1.0000
0.1562 0.1562 1.0000 1.0000
0.2188 0.1562 1.0000 1.0000
0.2188 0.1562 1.0000 1.0000
0.2812 0.1562 1.0000 1.0000
0.2812 0.1562 1.0000 1.0000
0.3438 0.1562 1.0000 1.0000
0.3438 0.1562 1.0000 1.0000
0.4062 0.1562 1.0000 1.0000
0.4062 0.1562 1.0000 1.0000
0.4688 0.1562 1.0000 1.0000
0.4688 0.1562 1.0000 1.0000
0.5312 0.1562 1.0000 1.0000
0.5312 0.1562 1.0000 1.0000
0.5938 0.1562 1.0000 1.0000
0.5938 0.1562 1.0000 1.0000
0.6562 0.1562 1.0000 1.0000
0.6562 0.1562 1.0000 1.0000
0.7188 0.1562 1.0000 1.0000
0.7188 0.1562 1.0000 1.0000
0.7812 0.1562 1.0000 1.0000
0.7812 0.1562 1.0000 1.0000
0.8438 0.1562 1.0000 1.0000
0.8438 0.1562 1.0000 1.0000
0.9062 0.1562 1.0000 1.0000
0.9062 0.1562 1.0000 1.0000
0.9688 0.1562 1.0000 1.0000
0.9688 0.1562 1.0000 1.0000
0.0312 0.2188 1.0000 1.0000
0.0312 0.2188 1.0000 1.0000
0.0938 0.2188 1.0000 1.0000
0.0938 0.2188 1.0000 1.0000
0.1562 0.2188 1.0000 1.0000
0.1562 0.2188 1.0000 1.0000
0.2188 0.2188 1.0000 1.0000
0.2188 0.2188 1.0000 1.0000
0.2812 0.2188 1.0000 1.0000
0.2812 0.2188 1.0000 1.0000
0.3438 0.2188 1.0000 1.0000
0.3438 0.2188 1.0000 1.0000
0.4062 0.2188 1.0000 1.0000
0.4062 0.2188 1.0000 1.0000
0.4688 0.2188 1.0000 1.0000
0.4688 0.2188 1.0000 1.0000
0.5312 0.2188 1.0000 1.0000
0.5312 0.2188 1.0000 1.0000
0.5938 0.2188 1.0000 1.0000
0.5938 0.2188 1.0000 1.0000
0.6562 0.2188 1.0000 1.0000
0.6562 0.2188 1.0000 1.0000
0.7188 0.2188 1.0000 1.0000
0.7188 0.2188 1.0000 1.0000
0.7812 0.2188 1.0000 1.0000
0.7812 0.2188 1.0000 1.0000
0.8438 0.2188 1.0000 1.0000
0.8438 0.2188 1.0000 1.0000
0.9062 0.2188 1.0000 1.0000
0.9062 0.2188 1.0000 1.0000
0.9688 0.2188 1.0000 1.0000
0.9688 0.2188 1.0000 1.0000
0.0312 0.2812 1.0000 1.0000
0.0312 0.2812 1.0000 1.0000
0.0938 0.2812 1.0000 1.0000
0.0938 0.2812 1.0000 1.0000
0.1562 0.2812 1.0000 1.0000
0.1562 0.2812 1.0000 1.0000
0.2188 0.2812 1.0000 1.0000
0.2188 0.2812 1.0000 1.0000
0.2812 0.2812 1.0000 1.0000
0.2812 0.2812 1.0000 1.0000
0.3438 0.2812 1.0000 1.0000
0.3438 0.2812 1.0000 1.0000
0.4062 0.2812 1.0000 1.0000
0.4062 0.2812 1.0000 1.0000
0.4688 0.2812 1.0000 1.0000
0.4688 0.2812 1.0000 1.0000
0.5312 0.2812 1.0000 1.0000
0.5312 0.2812 1.0000 1.0000
0.5938 0.2812 1.0000 1.0000
0.5938 0.2812 1.0000 1.0000
0.6562 0.2812 1.0000 1.0000
0.6562 0.2812 1.0000 1.0000
0.7188 0.2812 1.0000 1.0000
0.7188 0.2812 1.0000 1.0000
0.7812 0.2812 1.0000 1.0000
0.7812 0.2812 1.0000 1.0000
0.8438 0.2812 1.0000 1.0000
0.8438 0.2812 1.0000 1.0000
0.9062 0.2812 1.0000 1.0000
0.9062 0.2812 1.0000 1.0000
0.9688 0.2812 1.0000 1.0000
0.9688 0.2812 1.0000 1.0000
0.0312 0.3438 1.0000 1.0000
0.0312 0.3438 1.0000 1.0000
0.0938 0.3438 1.0000 1.0000
0.0938 0.3438 1.0000 1.0000
0.1562 0.3438 1.0000 1.0000
0.1562 0.3438 1.0000 1.0000
0.2188 0.3438 1.0000 1.0000
0.2188 0.3438 1.0000 1.0000
0.2812 0.3438 1.0000 1.0000
0.2812 0.3438 1.0000 1.0000
0.3438 0.3438 1.0000 1.0000
0.3438 0.3438 1.0000 1.0000
0.4062 0.3438 1.0000 1.0000
0.4062 0.3438 1.0000 1.0000
0.4688 0.3438 1.0000 1.0000
0.4688 0.3438 1.0000 1.0000
0.5312 0.3438 1.0000 1.0000
0.5312 0.3438 1.0000 1.0000
0.5938 0.3438 1.0000 1.0000
0.5938 0.3438 1.0000 1.0000
0.6562 0.3438 1.0000 1.0000
0.6562 0.3438 1.0000 1.0000
0.7188 0.3438 1.0000 1.0000
0.7188 0.3438 1.0000 1.0000
0.7812 0.3438 1.0000 1.0000
0.7812 0.3438 1.0000 1.0000
0.8438 0.3438 1.0000 1.0000
0.8438 0.3438 1.0000 1.0000
0.9062 0.3438 1.0000 1.0000
0.9062 0.3438 1.0000 1.0000
0.9688 0.3438 1.0000 1.0000
0.9688 0.3438 1.0000 1.0000
0.0312 0.4062 1.0000 1.0000
0.0312 0.4062 1.0000 1.0000
0.0938 0.4062 1.0000 1.0000
0.0938 0.4062 1.0000 1.0000
0.1562 0.4062 1.0000 1.0000
0.1562 0.4062 1.0000 1.0000
0.2188 0.4062 1.0000 1.0000
0.2188 0.4062 1.0000 1.0000
0.2812 0.4062 1.0000 1.0000
0.2812 0.4062 1.0000 1.0000
0.3438 0.4062 1.0000 1.0000
0.3438 0.4062 1.0000 1.0000
0.4062 0.4062 1.0000 1.0000
0.4062 0.4062 1.0000 1.0000
0.4688 0.4062 1.0000 1.0000
0.4688 0.4062 1.0000 1.0000
0.5312 0.4062 1.0000 1.0000
0.5312 0.4062 1.0000 1.0000
0.5938 0.4062 1.0000 1.0000
0.5938 0.4062 1.0000 1.0000
0.6562 0.4062 1.0000 1.0000
0.6562 0.4062 1.0000 1.0000
0.7188 0.4062 1.0000 1.0000
0.7188 0.4062 1.0000 1.0000
0.7812 0.4062 1.0000 1.0000
0.7812 0.4062 1.0000 1.0000
0.8438 0.4062 1.0000 1.0000
0.8438 0.4062 1.0000 1.0000
0.9062 0.4062 1.0000 1.0000
0.9062 0.4062 1.0000 1.0000
0.9688 0.4062 1.0000 1.0000
0.9688 0.4062 1.0000 1.0000
0.0312 0.4688 1.0000 1.0000
0.0312 0.4688 1.0000 1.0000
0.0938 0.4688 1.0000 1.0000
0.0938 0.4688 1.0000 1.0000
0.1562 0.4688 1.0000 1.0000
0.1562 0.4688 1.0000 1.0000
0.2188 0.4688 1.0000 1.0000
0.2188 0.4688 1.0000 1.0000
0.2812 0.4688 1.0000 1.0000
0.2812 0.4688 1.0000 1.0000
0.3438 0.4688 1.0000 1.0000
0.3438 0.4688 1.0000 1.0000
0.4062 0.4688 1.0000 1.0000
0.4062 0.4688 1.0000 1.0000
0.4688 0.4688 1.0000 1.0000
0.4688 0.4688 1.0000 1.0000
0.5312 0.4688 1.0000 1.0000
0.5312 0.4688 1.0000 1.0000
0.5938 0.4688 1.0000 1.0000
0.5938 0.4688 1.0000 1.0000
0.6562 0.4688 1.0000 1.0000
0.6562 0.4688 1.0000 1.0000
0.7188 0.4688 1.0000 1.0000
0.7188 0.4688 1.0000 1.0000
0.7812 0.4688 1.0000 1.0000
0.7812 0.4688 1.0000 1.0000
0.8438 0.4688 1.0000 1.0000
0.8438 0.4688 1.0000 1.0000
0.9062 0.4688 1.0000 1.0000
0.9062 0.4688 1.0000 1.0000
0.9688 0.4688 1.0000 1.0000
0.9688 0.4688 1.0000 1.0000
0.0312 0.5312 1.0000 1.0000
0.0312 0.5312 1.0000 1.0000
0.0938 0.5312 1.0000 1.0000
0.0938 0.5312 1.0000 1.0000
0.1562 0.5312 1.0000 1.0000
0.1562 0.5312 1.0000 1.0000
0.2188 0.5312 1.0000 1.0000
0.2188 0.5312 1.0000 1.0000
0.2812 0.5312 1.0000 1.0000
0.2812 0.5312 1.0000 1.0000
0.3438 0.5312 1.0000 1.0000
0.3438 0.5312 1.0000 1.0000
0.4062 0.5312 1.0000 1.0000
0.4062 0.5312 1.0000 1.0000
0.4688 0.5312 1.0000 1.0000
0.4688 0.5312 1.0000 1.0000
0.5312 0.5312 1.0000 1.0000
0.5312 0.5312 1.0000 1.0000
0.5938 0.5312 1.0000 1.0000
0.5938 0.5312 1.0000 1.0000
0.6562 0.5312 1.0000 1.0000
0.6562 0.5312 1.0000 1.0000
0.7188 0.5312 1.0000 1.0000
0.7188 0.5312 1.0000 1.0000
0.7812 0.5312 1.0000 1.0000
0.7812 0.5312 1.0000 1.0000
0.8438 0.5312 1.0000 1.0000
0.8438 0.5312 1.0000 1.0000
0.9062 0.5312 1.0000 1.0000
0.9062 0.5312 1.0000 1.0000
0.9688 0.5312 1.0000 1.0000
0.9688 0.5312 1.0000 1.0000
0.0312 0.5938 1.0000 1.0000
0.0312 0.5938 1.0000 1.0000
0.0938 0.5938 1.0000 1.0000
0.0938 0.5938 1.0000 1.0000
0.1562 0.5938 1.0000 1.0000
0.1562 0.5938 1.0000 1.0000
0.2188 0.5938 1.0000 1.0000
0.2188 0.5938 1.0000 1.0000
0.2812 0.5938 1.0000 1.0000
0.2812 0.5938 1.0000 1.0000
0.3438 0.5938 1.0000 1.0000
0.3438 0.5938 1.0000 1.0000
0.4062 0.5938 1.0000 1.0000
0.4062 0.5938 1.0000 1.0000
0.4688 0.5938 1.0000 1.0000
0.4688 0.5938 1.0000 1.0000
0.5312 0.5938 1.0000 1.0000
0.5312 0.5938 1.0000 1.0000
0.5938 0.5938 1.0000 1.0000
0.5938 0.5938 1.0000 1.0000
0.6562 0.5938 1.0000 1.0000
0.6562 0.5938 1.0000 1.0000
0.7188 0.5938 1.0000 1.0000
0.7188 0.5938 1.0000 1.0000
0.7812 0.5938 1.0000 1.0000
0.7812 0.5938 1.0000 1.0000
0.8438 0.5938 1.0000 1.0000
0.8438 0.5938 1.0000 1.0000
0.9062 0.5938 1.0000 1.0000
0.9062 0.5938 1.0000 1.0000
0.9688 0.5938 1.0000 1.0000
0.9688 0.5938 1.0000 1.0000
0.0312 0.6562 1.0000 1.0000
0.0312 0.6562 1.0000 1.0000
0.0938 0.6562 1.0000 1.0000
0.0938 0.6562 1.0000 1.0000
0.1562 0.6562 1.0000 1.0000
0.1562 0.6562 1.0000 1.0000
0.2188 0.6562 1.0000 1.0000
0.2188 0.6562 1.0000 1.0000
0.2812 0.6562 1.0000 1.0000
0.2812 0.6562 1.0000 1.0000
0.3438 0.6562 1.0000 1.0000
0.3438 0.6562 1.0000 1.0000
0.4062 0.6562 1.0000 1.0000
0.4062 0.6562 1.0000 1.0000
0.4688 0.6562 1.0000 1.0000
0.4688 0.6562 1.0000 1.0000
0.5312 0.6562 1.0000 1.0000
0.5312 0.6562 1.0000 1.0000
0.5938 0.6562 1.0000 1.0000
0.5938 0.6562 1.0000 1.0000
0.6562 0.6562 1.0000 1.0000
0.6562 0.6562 1.0000 1.0000
0.7188 0.6562 1.0000 1.0000
0.7188 0.6562 1.0000 1.0000
0.7812 0.6562 1.0000 1.0000
0.7812 0.6562 1.0000 1.0000
0.8438 0.6562 1.0000 1.0000
0.8438 0.6562 1.0000 1.0000
0.9062 0.6562 1.0000 1.0000
0.9062 0.6562 1.0000 1.0000
0.9688 0.6562 1.0000 1.0000
0.9688 0.6562 1.0000 1.0000
0.0312 0.7188 1.0000 1.0000
0.0312 0.7188 1.0000 1.0000
0.0938 0.7188 1.0000 1.0000
0.0938 0.7188 1.0000 1.0000
0.1562 0.7188 1.0000 1.0000
0.1562 0.7188 1.0000 1.0000
0.2188 0.7188 1.0000 1.0000
0.2188 0.7188 1.0000 1.0000
0.2812 0.7188 1.0000 1.0000
0.2812 0.7188 1.0000 1.0000
0.3438 0.7188 1.0000 1.0000
0.3438 0.7188 1.0000 1.0000
0.4062 0.7188 1.0000 1.0000
0.4062 0.7188 1.0000 1.0000
0.4688 0.7188 1.0000 1.0000
0.4688 0.7188 1.0000 1.0000
0.5312 0.7188 1.0000 1.0000
0.5312 0.7188 1.0000 1.0000
0.5938 0.7188 1.0000 1.0000
0.5938 0.7188 1.0000 1.0000
0.6562 0.7188 1.0000 1.0000
0.6562 0.7188 1.0000 1.0000
0.7188 0.7188 1.0000 1.0000
0.7188 0.7188 1.0000 1.0000
0.7812 0.7188 1.0000 1.0000
0.7812 0.7188 1.0000 1.0000
0.8438 0.7188 1.0000 1.0000
0.8438 0.7188 1.0000 1.0000
0.9062 0.7188 1.0000 1.0000
0.9062 0.7188 1.0000 1.0000
0.9688 0.7188 1.0000 1.0000
0.9688 0.7188 1.0000 1.0000
0.0312 0.7812 1.0000 1.0000
0.0312 0.7812 1.0000 1.0000
0.0938 0.7812 1.0000 1.0000
0.0938 0.7812 1.0000 1.0000
0.1562 0.7812 1.0000 1.0000
0.1562 0.7812 1.0000 1.0000
0.2188 0.7812 1.0000 1.0000
0.2188 0.7812 1.0000 1.0000
0.2812 0.7812 1.0000 1.0000
0.2812 0.7812 1.0000 1.0000
0.3438 0.7812 1.0000 1.0000
0.3438 0.7812 1.0000 1.0000
0.4062 0.7812 1.0000 1.0000
0.4062 0.7812 1.0000 1.0000
0.4688 0.7812 1.0000 1.0000
0.4688 0.7812 1.0000 1.0000
0.5312 0.7812 1.0000 1.0000
0.5312 0.7812 1.0000 1.0000
0.5938 0.7812 1.0000 1.0000
0.5938 0.7812 1.0000 1.0000
0.6562 0.7812 1.0000 1.0000
0.6562 0.7812 1.0000 1.0000
0.7188 0.7812 1.0000 1.0000
0.7188 0.7812 1.0000 1.0000
0.7812 0.7812 1.0000 1.0000
0.7812 0.7812 1.0000 1.0000
0.8438 0.7812 1.0000 1.0000
0.8438 0.7812 1.0000 1.0000
0.9062 0.7812 1.0000 1.0000
0.9062 0.7812 1.0000 1.0000
0.9688 0.7812 1.0000 1.0000
0.9688 0.7812 1.0000 1.0000
0.0312 0.8438 1.0000 1.0000
0.0312 0.8438 1.0000 1.0000
0.0938 0.8438 1.0000 1.0000
0.0938 0.8438 1.0000 1.0000
0.1562 0.8438 1.0000 1.0000
0.1562 0.8438 1.0000 1.0000
0.2188 0.8438 1.0000 1.0000
0.2188 0.8438 1.0000 1.0000
0.2812 0.8438 1.0000 1.0000
0.2812 0.8438 1.0000 1.0000
0.3438 0.8438 1.0000 1.0000
0.3438 0.8438 1.0000 1.0000
0.4062 0.8438 1.0000 1.0000
0.4062 0.8438 1.0000 1.0000
0.4688 0.8438 1.0000 1.0000
0.4688 0.8438 1.0000 1.0000
0.5312 0.8438 1.0000 1.0000
0.5312 0.8438 1.0000 1.0000
0.5938 0.8438 1.0000 1.0000
0.5938 0.8438 1.0000 1.0000
0.6562 0.8438 1.0000 1.0000
0.6562 0.8438 1.0000 1.0000
0.7188 0.8438 1.0000 1.0000
0.7188 0.8438 1.0000 1.0000
0.7812 0.8438 1.0000 1.0000
0.7812 0.8438 1.0000 1.0000
0.8438 0.8438 1.0000 1.0000
0.8438 0.8438 1.0000 1.0000
0.9062 0.8438 1.0000 1.0000
0.9062 0.8438 1.0000 1.0000
0.9688 0.8438 1.0000 1.0000
0.9688 0.8438 1.0000 1.0000
0.0312 0.9062 1.0000 1.0000
0.0312 0.9062 1.0000 1.0000
0.0938 0.9062 1.0000 1.0000
0.0938 0.9062 1.0000 1.0000
0.1562 0.9062 1.0000 1.0000
0.1562 0.9062 1.0000 1.0000
0.2188 0.9062 1.0000 1.0000
0.2188 0.9062 1.0000 1.0000
0.2812 0.9062 1.0000 1.0000
0.2812 0.9062 1.0000 1.0000
0.3438 0.9062 1.0000 1.0000
0.3438 0.9062 1.0000 1.0000
0.4062 0.9062 1.0000 1.0000
0.4062 0.9062 1.0000 1.0000
0.4688 0.9062 1.0000 1.0000
0.4688 0.9062 1.0000 1.0000
0.5312 0.9062 1.0000 1.0000
0.5312 0.9062 1.0000 1.0000
0.5938 0.9062 1.0000 1.0000
0.5938 0.9062 1.0000 1.0000
0.6562 0.9062 1.0000 1.0000
0.6562 0.9062 1.0000 1.0000
0.7188 0.9062 1.0000 1.0000
0.7188 0.9062 1.0000 1.0000
0.7812 0.9062 1.0000 1.0000
0.7812 0.9062 1.0000 1.0000
0.8438 0.9062 1.0000 1.0000
0.8438 0.9062 1.0000 1.0000
0.9062 0.9062 1.0000 1.0000
0.9062 0.9062 1.0000 1.0000
0.9688 0.9062 1.0000 1.0000
0.9688 0.9062 1.0000 1.0000
0.0312 0.9688 1.0000 1.0000
0.0312 0.9688 1.0000 1.0000
0.0938 0.9688 1.0000 1.0000
0.0938 0.9688 1.0000 1.0000
0.1562 0.9688 1.0000 1.0000
0.1562 0.9688 1.0000 1.0000
0.2188 0.9688 1.0000 1.0000
0.2188 0.9688 1.0000 1.0000
0.2812 0.9688 1.0000 1.0000
0.2812 0.9688 1.0000 1.0000
0.3438 0.9688 1.0000 1.0000
0.3438 0.9688 1.0000 1.0000
0.4062 0.9688 1.0000 1.0000
0.4062 0.9688 1.0000 1.0000
0.4688 0.9688 1.0000 1.0000
0.4688 0.9688 1.0000 1.0000
0.5312 0.9688 1.0000 1.0000
0.5312 0.9688 1.0000 1.0000
0.5938 0.9688 1.0000 1.0000
0.5938 0.9688 1.0000 1.0000
0.6562 0.9688 1.0000 1.0000
0.6562 0.9688 1.0000 1.0000
0.7188 0.9688 1.0000 1.0000
0.7188 0.9688 1.0000 1.0000
0.7812 0.9688 1.0000 1.0000
0.7812 0.9688 1.0000 1.0000
0.8438 0.9688 1.0000 1.0000
0.8438 0.9688 1.0000 1.0000
0.9062 0.9688 1.0000 1.0000
0.9062 0.9688 1.0000 1.0000
0.9688 0.9688 1.0000 1.0000
0.9688 0.9688 1.0000 1.0000
0.0625 0.0625 1.0000 1.0000
0.0625 0.0625 1.0000 1.0000
0.0625 0.0625 1.0000 1.0000
0.0625 0.0625 1.0000 1.0000
0.0625 0.0625 1.0000 1.0000
0.0625 0.0625 1.0000 1.0000
0.1875 0.0625 1.0000 1.0000
0.1875 0.0625 1.0000 1.0000
0.1875 0.0625 1.0000 1.0000
0.1875 0.0625 1.0000 1.0000
0.1875 0.0625 1.0000 1.0000
0.1875 0.0625 1.0000 1.0000
0.3125 0.0625 1.0000 1.0000
0.3125 0.0625 1.0000 1.0000
0.3125 0.0625 1.0000 1.0000
0.3125 0.0625 1.0000 1.0000
0.3125 0.0625 1.0000 1.0000
0.3125 0.0625 1.0000 1.0000
0.4375 0.0625 1.0000 1.0000
0.4375 0.0625 1.0000 1.0000
0.4375 0.0625 1.0000 1.0000
0.4375 0.0625 1.0000 1.0000
0.4375 0.0625 1.0000 1.0000
0.4375 0.0625 1.0000 1.0000
0.5625 0.0625 1.0000 1.0000
0.5625 0.0625 1.0000 1.0000
0.5625 0.0625 1.0000 1.0000
0.5625 0.0625 1.0000 1.0000
0.5625 0.0625 1.0000 1.0000
0.5625 0.0625 1.0000 1.0000
0.6875 0.0625 1.0000 1.0000
0.6875 0.0625 1.0000 1.0000
0.6875 0.0625 1.0000 1.0000
0.6875 0.0625 1.0000 1.0000
0.6875 0.0625 1.0000 1.0000
0.6875 0.0625 1.0000 1.0000
0.8125 0.0625 1.0000 1.0000
0.8125 0.0625 1.0000 1.0000
0.8125 0.0625 1.0000 1.0000
0.8125 0.0625 1.0000 1.0000
0.8125 0.0625 1.0000 1.0000
0.8125 0.0625 1.0000 1.0000
0.9375 0.0625 1.0000 1.0000
0.9375 0.0625 1.0000 1.0000
0.9375 0.0625 1.0000 1.0000
0.9375 0.0625 1.0000 1.0000
0.9375 0.0625 1.0000 1.0000
0.9375 0.0625 1.0000 1.0000
0.0625 0.1875 1.0000 1.0000
0.0625 0.1875 1.0000 1.0000
0.0625 0.1875 1.0000 1.0000
0.0625 0.1875 1.0000 1.0000
0.0625 0.1875 1.0000 1.0000
0.0625 0.1875 1.0000 1.0000
0.1875 0.1875 1.0000 1.0000
0.1875 0.1875 1.0000 1.0000
0.1875 0.1875 1.0000 1.0000
0.1875 0.1875 1.0000 1.0000
0.1875 0.1875 1.0000 1.0000
0.1875 0.1875 1.0000 1.0000
0.3125 0.1875 1.0000 1.0000
0.3125 0.1875 1.0000 1.0000
0.3125 0.1875 1.0000 1.0000
0.3125 0.1875 1.0000 1.0000
0.3125 0.1875 1.0000 1.0000
0.3125 0.1875 1.0000 1.0000
0.4375 0.1875 1.0000 1.0000
0.4375 0.1875 1.0000 1.0000
0.4375 0.1875 1.0000 1.0000
0.4375 0.1875 1.0000 1.0000
0.4375 0.1875 1.0000 1.0000
0.4375 0.1875 1.0000 1.0000
0.5625 0.1875 1.0000 1.0000
0.5625 0.1875 1.0000 1.0000
0.5625 0.1875 1.0000 1.0000
0.5625 0.1875 1.0000 1.0000
0.5625 0.1875 1.0000 1.0000
0.5625 0.1875 1.0000 1.0000
0.6875 0.1875 1.0000 1.0000
0.6875 0.1875 1.0000 1.0000
0.6875 0.1875 1.0000 1.0000
0.6875 0.1875 1.0000 1.0000
0.6875 0.1875 1.0000 1.0000
0.6875 0.1875 1.0000 1.0000
0.8125 0.1875 1.0000 1.0000
0.8125 0.1875 1.0000 1.0000
0.8125 0.1875 1.0000 1.0000
0.8125 0.1875 1.0000 1.0000
0.8125 0.1875 1.0000 1.0000
0.8125 0.1875 1.0000 1.0000
0.9375 0.1875 1.0000 1.0000
0.9375 0.1875 1.0000 1.0000
0.9375 0.1875 1.0000 1.0000
0.9375 0.1875 1.0000 1.0000
0.9375 0.1875 1.0000 1.0000
0.9375 0.1875 1.0000 1.0000
0.0625 0.3125 1.0000 1.0000
0.0625 0.3125 1.0000 1.0000
0.0625 0.3125 1.0000 1.0000
0.0625 0.3125 1.0000 1.0000
0.0625 0.3125 1.0000 1.0000
0.0625 0.3125 1.0000 1.0000
0.1875 0.3125 1.0000 1.0000
0.1875 0.3125 1.0000 1.0000
0.1875 0.3125 1.0000 1.0000
0.1875 0.3125 1.0000 1.0000
0.1875 0.3125 1.0000 1.0000
0.1875 0.3125 1.0000 1.0000
0.3125 0.3125 1.0000 1.0000
0.3125 0.3125 1.0000 1.0000
0.3125 0.3125 1.0000 1.0000
0.3125 0.3125 1.0000 1.0000
0.3125 0.3125 1.0000 1.0000
0.3125 0.3125 1.0000 1.0000
0.4375 0.3125 1.0000 1.0000
0.4375 0.3125 1.0000 1.0000
0.4375 0.3125 1.0000 1.0000
0.4375 0.3125 1.0000 1.0000
0.4375 0.3125 1.0000 1.0000
0.4375 0.3125 1.0000 1.0000
0.5625 0.3125 1.0000 1.0000
0.5625 0.3125 1.0000 1.0000
0.5625 0.3125 1.0000 1.0000
0.5625 0.3125 1.0000 1.0000
0.5625 0.3125 1.0000 1.0000
0.5625 0.3125 1.0000 1.0000
0.6875 0.3125 1.0000 1.0000
0.6875 0.3125 1.0000 1.0000
0.6875 0.3125 1.0000 1.0000
0.6875 0.3125 1.0000 1.0000
0.6875 0.3125 1.0000 1.0000
0.6875 0.3125 1.0000 1.0000
0.8125 0.3125 1.0000 1.0000
0.8125 0.3125 1.0000 1.0000
0.8125 0.3125 1.0000 1.0000
0.8125 0.3125 1.0000 1.0000
0.8125 0.3125 1.0000 1.0000
0.8125 0.3125 1.0000 1.0000
0.9375 0.3125 1.0000 1.0000
0.9375 0.3125 1.0000 1.0000
0.9375 0.3125 1.0000 1.0000
0.9375 0.3125 1.0000 1.0000
0.9375 0.3125 1.0000 1.0000
0.9375 0.3125 1.0000 1.0000
0.0625 0.4375 1.0000 1.0000
0.0625 0.4375 1.0000 1.0000
0.0625 0.4375 1.0000 1.0000
0.0625 0.4375 1.0000 1.0000
0.0625 0.4375 1.0000 1.0000
0.0625 0.4375 1.0000 1.0000
0.1875 0.4375 1.0000 1.0000
0.1875 0.4375 1.0000 1.0000
0.1875 0.4375 1.0000 1.0000
0.1875 0.4375 1.0000 1.0000
0.1875 0.4375 1.0000 1.0000
0.1875 0.4375 1.0000 1.0000
0.3125 0.4375 1.0000 1.0000
0.3125 0.4375 1.0000 1.0000
0.3125 0.4375 1.0000 1.0000
0.3125 0.4375 1.0000 1.0000
0.3125 0.4375 1.0000 1.0000
0.3125 0.4375 1.0000 1.0000
0.4375 0.4375 1.0000 1.0000
0.4375 0.4375 1.0000 1.0000
0.4375 0.4375 1.0000 1.0000
0.4375 0.4375 1.0000 1.0000
0.4375 0.4375 1.0000 1.0000
0.4375 0.4375 1.0000 1.0000
0.5625 0.4375 1.0000 1.0000
0.5625 0.4375 1.0000 1.0000
0.5625 0.4375 1.0000 1.0000
0.5625 0.4375 1.0000 1.0000
0.5625 0.4375 1.0000 1.0000
0.5625 0.4375 1.0000 1.0000
0.6875 0.4375 1.0000 1.0000
0.6875 0.4375 1.0000 1.0000
0.6875 0.4375 1.0000 1.0000
0.6875 0.4375 1.0000 1.0000
0.6875 0.4375 1.0000 1.0000
0.6875 0.4375 1.0000 1.0000
0.8125 0.4375 1.0000 1.0000
0.8125 0.4375 1.0000 1.0000
0.8125 0.4375 1.0000 1.0000
0.8125 0.4375 1.0000 1.0000
0.8125 0.4375 1.0000 1.0000
0.8125 0.4375 1.0000 1.0000
0.9375 0.4375 1.0000 1.0000
0.9375 0.4375 1.0000 1.0000
0.9375 0.4375 1.0000 1.0000
0.9375 0.4375 1.0000 1.0000
0.9375 0.4375 1.0000 1.0000
0.9375 0.4375 1.0000 1.0000
0.0625 0.5625 1.0000 1.0000
0.0625 0.5625 1.0000 1.0000
0.0625 0.5625 1.0000 1.0000
0.0625 0.5625 1.0000 1.0000
0.0625 0.5625 1.0000 1.0000
0.0625 0.5625 1.0000 1.0000
0.1875 0.5625 1.0000 1.0000
0.1875 0.5625 1.0000 1.0000
0.1875 0.5625 1.0000 1.0000
0.1875 0.5625 1.0000 1.0000
0.1875 0.5625 1.0000 1.0000
0.1875 0.5625 1.0000 1.0000
0.3125 0.5625 1.0000 1.0000
0.3125 0.5625 1.0000 1.0000
0.3125 0.5625 1.0000 1.0000
0.3125 0.5625 1.0000 1.0000
0.3125 0.5625 1.0000 1.0000
0.3125 0.5625 1.0000 1.0000
0.4375 0.5625 1.0000 1.0000
0.4375 0.5625 1.0000 1.0000
0.4375 0.5625 1.0000 1.0000
0.4375 0.5625 1.0000 1.0000
0.4375 0.5625 1.0000 1.0000
0.4375 0.5625 1.0000 1.0000
0.5625 0.5625 1.0000 1.0000
0.5625 0.5625 1.0000 1.0000
0.5625 0.5625 1.0000 1.0000
0.5625 0.5625 1.0000 1.0000
0.5625 0.5625 1.0000 1.0000
0.5625 0.5625 1.0000 1.0000
0.6875 0.5625 1.0000 1.0000
0.6875 0.5625 1.0000 1.0000
0.6875 0.5625 1.0000 1.0000
0.6875 0.5625 1.0000 1.0000
0.6875 0.5625 1.0000 1.0000
0.6875 0.5625 1.0000 1.0000
0.8125 0.5625 1.0000 1.0000
0.8125 0.5625 1.0000 1.0000
0.8125 0.5625 1.0000 1.0000
0.8125 0.5625 1.0000 1.0000
0.8125 0.5625 1.0000 1.0000
0.8125 0.5625 1.0000 1.0000
0.9375 0.5625 1.0000 1.0000
0.9375 0.5625 1.0000 1.0000
0.9375 0.5625 1.0000 1.0000
0.9375 0.5625 1.0000 1.0000
0.9375 0.5625 1.0000 1.0000
0.9375 0.5625 1.0000 1.0000
0.0625 0.6875 1.0000 1.0000
0.0625 0.6875 1.0000 1.0000
0.0625 0.6875 1.0000 1.0000
0.0625 0.6875 1.0000 1.0000
0.0625 0.6875 1.0000 1.0000
0.0625 0.6875 1.0000 1.0000
0.1875 0.6875 1.0000 1.0000
0.1875 0.6875 1.0000 1.0000
0.1875 0.6875 1.0000 1.0000
0.1875 0.6875 1.0000 1.0000
0.1875 0.6875 1.0000 1.0000
0.1875 0.6875 1.0000 1.0000
0.3125 0.6875 1.0000 1.0000
0.3125 0.6875 1.0000 1.0000
0.3125 0.6875 1.0000 1.0000
0.3125 0.6875 1.0000 1.0000
0.3125 0.6875 1.0000 1.0000
0.3125 0.6875 1.0000 1.0000
0.4375 0.6875 1.0000 1.0000
0.4375 0.6875 1.0000 1.0000
0.4375 0.6875 1.0000 1.0000
0.4375 0.6875 1.0000 1.0000
0.4375 0.6875 1.0000 1.0000
0.4375 0.6875 1.0000 1.0000
0.5625 0.6875 1.0000 1.0000
0.5625 0.6875 1.0000 1.0000
0.5625 0.6875 1.0000 1.0000
0.5625 0.6875 1.0000 1.0000
0.5625 0.6875 1.0000 1.0000
0.5625 0.6875 1.0000 1.0000
0.6875 0.6875 1.0000 1.0000
0.6875 0.6875 1.0000 1.0000
0.6875 0.6875 1.0000 1.0000
0.6875 0.6875 1.0000 1.0000
0.6875 0.6875 1.0000 1.0000
0.6875 0.6875 1.0000 1.0000
0.8125 0.6875 1.0000 1.0000
0.8125 0.6875 1.0000 1.0000
0.8125 0.6875 1.0000 1.0000
0.8125 0.6875 1.0000 1.0000
0.8125 0.6875 1.0000 1.0000
0.8125 0.6875 1.0000 1.0000
0.9375 0.6875 1.0000 1.0000
0.9375 0.6875 1.0000 1.0000
0.9375 0.6875 1.0000 1.0000
0.9375 0.6875 1.0000 1.0000
0.9375 0.6875 1.0000 1.0000
0.9375 0.6875 1.0000 1.0000
0.0625 0.8125 1.0000 1.0000
0.0625 0.8125 1.0000 1.0000
0.0625 0.8125 1.0000 1.0000
0.0625 0.8125 1.0000 1.0000
0.0625 0.8125 1.0000 1.0000
0.0625 0.8125 1.0000 1.0000
0.1875 0.8125 1.0000 1.0000
0.1875 0.8125 1.0000 1.0000
0.1875 0.8125 1.0000 1.0000
0.1875 0.8125 1.0000 1.0000
0.1875 0.8125 1.0000 1.0000
0.1875 0.8125 1.0000 1.0000
0.3125 0.8125 1.0000 1.0000
0.3125 0.8125 1.0000 1.0000
0.3125 0.8125 1.0000 1.0000
0.3125 0.8125 1.0000 1.0000
0.3125 0.8125 1.0000 1.0000
0.3125 0.8125 1.0000 1.0000
0.4375 0.8125 1.0000 1.0000
0.4375 0.8125 1.0000 1.0000
0.4375 0.8125 1.0000 1.0000
0.4375 0.8125 1.0000 1.0000
0.4375 0.8125 1.0000 1.0000
0.4375 0.8125 1.0000 1.0000
0.5625 0.8125 1.0000 1.0000
0.5625 0.8125 1.0000 1.0000
0.5625 0.8125 1.0000 1.0000
0.5625 0.8125 1.0000 1.0000
0.5625 0.8125 1.0000 1.0000
0.5625 0.8125 1.0000 1.0000
0.6875 0.8125 1.0000 1.0000
0.6875 0.8125 1.0000 1.0000
0.6875 0.8125 1.0000 1.0000
0.6875 0.8125 1.0000 1.0000
0.6875 0.8125 1.0000 1.0000
0.6875 0.8125 1.0000 1.0000
0.8125 0.8125 1.0000 1.0000
0.8125 0.8125 1.0000 1.0000
0.8125 0.8125 1.0000 1.0000
0.8125 0.8125 1.0000 1.0000
0.8125 0.8125 1.0000 1.0000
0.8125 0.8125 1.0000 1.0000
0.9375 0.8125 1.0000 1.0000
0.9375 0.8125 1.0000 1.0000
0.9375 0.8125 1.0000 1.0000
0.9375 0.8125 1.0000 1.0000
0.9375 0.8125 1.0000 1.0000
0.9375 0.8125 1.0000 1.0000
0.0625 0.9375 1.0000 1.0000
0.0625 0.9375 1.0000 1.0000
0.0625 0.9375 1.0000 1.0000
0.0625 0.9375 1.0000 1.0000
0.0625 0.9375 1.0000 1.0000
0.0625 0.9375 1.0000 1.0000
0.1875 0.9375 1.0000 1.0000
0.1875 0.9375 1.0000 1.0000
0.1875 0.9375 1.0000 1.0000
0.1875 0.9375 1.0000 1.0000
0.1875 0.9375 1.0000 1.0000
0.1875 0.9375 1.0000 1.0000
0.3125 0.9375 1.0000 1.0000
0.3125 0.9375 1.0000 1.0000
0.3125 0.9375 1.0000 1.0000
0.3125 0.9375 1.0000 1.0000
0.3125 0.9375 1.0000 1.0000
0.3125 0.9375 1.0000 1.0000
0.4375 0.9375 1.0000 1.0000
0.4375 0.9375 1.0000 1.0000
0.4375 0.9375 1.0000 1.0000
0.4375 0.9375 1.0000 1.0000
0.4375 0.9375 1.0000 1.0000
0.4375 0.9375 1.0000 1.0000
0.5625 0.9375 1.0000 1.0000
0.5625 0.9375 1.0000 1.0000
0.5625 0.9375 1.0000 1.0000
0.5625 0.9375 1.0000 1.0000
0.5625 0.9375 1.0000 1.0000
0.5625 0.9375 1.0000 1.0000
0.6875 0.9375 1.0000 1.0000
0.6875 0.9375 1.0000 1.0000
0.6875 0.9375 1.0000 1.0000
0.6875 0.9375 1.0000 1.0000
0.6875 0.9375 1.0000 1.0000
0.6875 0.9375 1.0000 1.0000
0.8125 0.9375 1.0000 1.0000
0.8125 0.9375 1.0000 1.0000
0.8125 0.9375 1.0000 1.0000
0.8125 0.9375 1.0000 1.0000
0.8125 0.9375 1.0000 1.0000
0.8125 0.9375 1.0000 1.0000
0.9375 0.9375 1.0000 1.0000
0.9375 0.9375 1.0000 1.0000
0.9375 0.9375 1.0000 1.0000
0.9375 0.9375 1.0000 1.0000
0.9375 0.9375 1.0000 1.0000
0.9375 0.9375 1.0000 1.0000
